37278
53548
66081
67753
56337
3356
94525
89574
4413
82294
56060
95493
80865
66242
16065
62145
23147
83763
62381
76841
91706
9268
64814
80809
14039
73355
81905
36402
27221
79607
91763
11631
76396
69905
11073
71281
54345
19047
34376
3193
74258
62712
1823
21232
87890
21545
37136
23060
5385
4620
39111
35914
60310
19178
44671
45736
9216
12585
11302
33096
13967
57004
64196
73929
24800
25081
90033
45919
54827
73950
56978
8133
61900
47769
631
2284
60074
35959
57158
90990
27935
99927
41785
32660
4328
42067
8743
38613
21100
77864
6523
6927
82930
35846
31785
41846
72387
59334
65520
93781
55840
80842
59022
23298
27709
96791
75635
52899
66831
